$ANSIBLE_VAULT;1.1;AES256
39363535303536303866663335306561633933373566653436363033313636633039346433306437
3462313234326633366463643461366535626232336630310a386563353831396530383963393365
62666463383365376631376562336432313634353038613631373164376561303634326564366264
3365663362356331380a663762653337623066356535383835386361393238373334633935613361
37393533666463343539366432623461306436646331613539613639616364343930386332643036
31653832363331383361316335656261663935633464323665643565663566383534666230633633
65376236303063383232656338303332326665646262306536313033393363643638383738333463
34616266643330393633663161346338323062643163343765356334346331343136663634343431
31616530666261383264656562353764356463656135356139366166363765313165636535613035
66366139643162666430313633643264663365353433323839356339306532656337393339326561
65323832363162666163626238616466313033656662383035366263623665363635316634353662
33633330333137316263313939633638373039323932343039306538386562393539323839613938
36313431346434386164333762616533363335376563663835303164323431303834633261383464
33373463343363326433323062613563333066383733363235353431366631636363383534643336
64623633336634653964666365656630653762386631353632646465313936613737386133386533
35353934646335306633633237376165636639643664333361316233333830383434613436616136
32333632663132333730643730373463326434376637326166353531613732613532353462633164
33303035313162313730643338643464393966616230303735653764313264383563306637356133
64653031653964383934636465333766396332633037303631326232666537623561623430383632
66336435343162393333376236646566393364383235643366383639353764333638343037623139
63363930386230623133643064653761316333323234633434316266613461323131353739663566
65623765356136306562326466333731373632326530626565653435353166306563323161386334
37343234653663343834643564306164343134663937343439383666633035333633636564633565
35613534363634323433353338393539336237643736343861313961333936663636316539626538
34356366616466323532336539623035653963653437313863346465613766313432336431373161
38633264633962376234323237396361386535626638633361313066613037323536393633613432
31656662656231373439373431353231663263636333366462303238393563653738653762353662
62353336393165383333613337626461346333316236393332346662396139316266653638356362
64366238316364353736666432653331633234326130633938343463323464326336316436326465
64663561383762363062653738303339333465363438386534393737366238316562643836303665
34343336313066303833383632623763303738306134356536663639633966666433623537376664
65386139343730356662366665383130646234316536316461666337643138643935616665663863
63623831353564363330393435396662636236323465653238373162333430653938666531626131
64353764663637343037363834636561326163663761643466616639326434343934373263343965
62656636306234333564383537396363333630376262393232656631353733306162303439326163
64306163633666636638333032356433666530346663333137363236643933616434363263346166
64363862393638336466303966656265306563333135656336316566366537636432363061363034
65386261316436633066323963316138383363376561343666376239333961316432626665373039
32376230363162396263323136363133383365636361613532656637333736303933623830343839
32303165343636623435343766633963663262303264386662623436656331633766623063636138
39643134613062336334313364623363656133643831616661303861383266363033643161653862
35366362346138313432656432633230616233616334313934326536343739333238656138623831
66633733623638373337663739356138313236396531333237633833623631316434636566336336
35666561656531643034666237376639383361623934343336323666616233373366613436653830
33626637653036313062623439343130343632663738343263343431333866646330383834323431
31613738636638653061623661343935353938363461346364356166313764306637363130376464
65363835323838383861626663366166636265303133383739326364303932336563663132373661
64363039613230613464386363613339656439343436626166316366636266666630326631303761
62333439333763343531306137313738323665633861373735396330613939353635646133333565
32646262623532366434643334656664356361386336356265616465623330643134343738313738
39386266316164323662356339373865633034656235353935636539333838333139323934313038
62316462393430356661326663373565363432376134323037653861343833333137353238323063
66363763363564653533363639316166316563636564626234623233643738333765313766336566
33313730326635656330333265643862653139303361373538663438326339613865623865383435
61666238363935633664316138366565346265393461363035313232343031616335636133313230
65653638336130623332633137613665333061313530666235336361333461663731376465343161
66376533373831653335623861613139373332356463343336303965306238616239373465613133
65303930343563326566626331613362323038346137623661653839363130363632626631333630
35396664373439646239653862653539396636356431643766393862363436663835306434363165
64663464333837386465336536363964306535363635396261316463303334636662623332303661
37366664343136353537623738303337336366383631333362366465303162356662613336393634
39373363376534653634616333613930656161613237306635623462663662643864656564346466
39376665343934633336636233663435613866666234383566663736636364363165326531363365
30616663323663623037393432633262623561343166376538326336656433633837393063326230
36656366326639323436346563313362653332303164653264663238636431346436303734613037
66653732623166656532643361313338646539616131616438633037613865363838623333383735
32623332383836636536316534653631346336316438326633653632326365376263626264366166
34633837653731333230313032393865393030613035366130393839363132356339303339623438
34623336323861386366333736383630653363346266663637366237643065613433393437636465
30663536633338646465346362653336373734633334323665343339373361306534396630383562
64306332363731366164626639323434613163613561316364633661363133356234633335376638
39636538633335353036363565363361613137636536643766653863643834633565356366353262
66366332336538336664333233313032343438356638353234303736303864383166383938353064
66306565313030346234636532626565373331666562316663656134326361363966613565376334
65323266343961326661393864353364646335623238333134346161613965333839653565663339
33323939343666313531656563393963376363663063363137333232663831613262343237613232
36663761346330356161396336626231633064396161323431303532356332616263336562306630
66303865636336353731363633376262303866353866643766353432336231636337656364653734
66383739303136323939393133613562346630333038643561333733636462326136323562363738
61316532356635333132316565383738366130383266653034376539653663646666313739313333
61636632306333613531613239306138306362626166343233316237356565623434303638613836
39316338336263343063323033623730393635323261353933626261643830383932373361646134
62346166376230383237653630613037633631346465383237396234346635343637336363333836
35366663333030633462313363333362373337313831393762613731363539366435613937323733
63303061646361336436613266383565633564346333336666323038383262333165303838373131
63303633616564323331313961383830323437653034626536383165356632633738643363633039
32633539646137393964393333323864303865373137313333626439363331353330373633663066
34343937383938653063643732653062393262376239366537353962656564653236343961376530
62353930346465646433326435636334616365373662316339386662333734336338393032623465
35623334393732643665343230633334363432333239616531303566656631653065313435396561
38306664636530376531393830353466386436386663633633626263326666623163336531393765
34383462313336623430393464643537303866656137313339646237636131333835373164643330
61323836323161333238333732636535303230323731313831633438383364616439333238353166
63323935356262393636383565643366656564323938333263376337313932303566363434323634
37323135373665663334303364623332363734346364303661356238346561373737373565353863
64376265623561623037376564623761323761383463353633656238373463393032613635623862
39393734333034313438393732356366363639363231393365333339356234356261613739653861
31373938303536626361646139393839343262366135643064646366366333343230343835346230
31623162313535336463653833323038393565313832303365326633663961613461373532623031
38373132663833363364316264396531303738616136663766646137356130326131626137333739
39303564643964383964366535313562646435326538383533373639653663303566363362323564
61666563623031393839316633333937326132353166303561343461363062663062333962633236
65313938663138353265623332663039646232386533393434346231326332646466636563303937
39396434303962343432633930313635373464306562663036363766666166383164613964633238
66663438373934306638383933343635356263643161333230323964656630323664323930353664
33636239393264303336373232616332373535653235326330393532376666336361343039353862
34393031383937383362333238363933383439613936656463336661383835333639616439653931
63306663633636636463623161613865386231323034386134613765373135646237383138633634
31356137376538363937373538313937653130306134353135613530373464306639643737333830
62376533353636393664366433323661373432616334393037353635636230333762353938623431
34346130303732396439316634336332343435353632393762303837663437323930633431343039
31393937323238636636333739326565376263343433333866393261656336363933393634613136
62363533316632363662653139326532373639316432333332333330626536363462326561306536
66666431613834303832633032616366346334613735646639643131623531663631623462386435
39653037343439323534353463636230376563336566636462626134653437333165383866306435
37303836613139306236616232343531333131653533373138333437363534643862326638383863
31663063303835663033376165633035636534393533633964653231303466386637643032363634
30363736623536313363333766373538376635373031643263366364336464373634306231393261
66626163343631626165313331386263633561373532663030313164353937333938393638653161
30383438353635623462663861323530303933653732336265653434353937636332396465373638
35343934666231623735316536623362366235336230353731323462313133336131643733306238
65316364613265313232313635633730616163623461333637333135313035363930346533346237
65386336656532396434353436323462663439393933613062653661333461356231306166396463
35393330333930306562306538303465613735306635373130386161626538663766653533663366
31333230306464336331316166316234363436323964366632343039633139376338623638326139
66326134366664666236313763636362386364346164393438646536326133646265636530376164
38356265323038666239333137313730313762336464363436353439663236346365356233663438
63613434633766366438636365643365333737346330316562396431356139316663613961633033
34346235633435656133303263613235393362326535306433393433653465356133663564373461
36353632383538383863663631366638613834653064303561646561326230643736306366303535
32616238373137656537636661613163393030363762623166633864623539333933366238323263
39386234363739373036666363643135623337393431396434623064636538653938383834636235
37303738613833663632353531393866313030323637363835393736303364373436396263373731
35343233393736306362663731363738653561626538666638616630373737333234653336313566
31383234393165373262323965393765326466643932663863303062353665663063653430383764
63366635613562313861343338623133636432633636366437373137646562313130623434316432
63383736313335383932393436373062666464646238666534313837333237396135373138343130
34396139313663396334313030653333643630363439653932386563343664346265383332323137
63643733656266326132303630393537323032643064646530643031616233393763616365306636
33393434633438313430366364326233376435383935343262333862336531633462643635666564
66633166353965316439643839633465326131643034376634373635346332353336336234613838
61646534663766656638623462613333633264653636623634346561373534393439653335636230
36396331366337613838363137373434376333386261663338346566626333613565303464343435
30353831316333623530303130653137336332363962383737393530653930626330376231396639
66306361346133373331326631613861336162316338303139363533623365333836613337326635
61353065363664656166356565363966323832383539393865636436333234316131633239656130
38323933393031353830316261356432663635346264613031666566313039316634326636633463
66336535363462313636326333373038306535633035343330313835353430366562326530656464
65366133336366303766303033343937336466623762313938333362313035646330373134373366
63356430373465633930393537656333383738326630626462313531373133646337333263393565
31326332376566633034346335383461666533653763343265313431333030303638323866323231
65366531373866373362636464616661656265653830373263653331356339313263646165343261
66393863383263633834373739663666363166316463633163633735393234613432363834636339
35313238343864343337313031646666623930373561333539313063373332656437303636653961
37313036333165613935306534316361666236373939323737373237306637636166326434613963
61663762656535356136343165613263383266363433346437633837323531313234663834306363
64316365623432666639643936386239336433336236366434303765376165373632343432356637
39393733366263396338356662653234386663376161333662656566323536623830386664643866
37306561386434323834323536353065316130323631363861373236646432626335326563326665
35626238323530623233663539643738346364346439346462323734343035376230396534663562
61353735306632386236353134356531623661326239383138333136623136373435376235366263
32363930373333323863653638313535393838376564376335366432663563383231306132613732
38383135376335346235626337666636666465333838356461623837613636303137323265663535
66366236386332356337363932386537383033313531316265373561353330316137616132656130
36346261646636323535316261623432326334663633303765363332666339666136363831336166
38386132636263363139653236653262653036393934623666386235316636616232613939646464
35646530393166313464316337396266383464306236313233323631656331363137363361393633
63643338653637396465653033326234646166306231393761326236323936373666666266373636
65663535313865373630366666653631386630653432363736386438313237386432306566646639
64636365306462626632303366393864383430633165316336663436366561393335663733653535
38386661353364383239353433343531613530363334656266636365626463376431336565616264
38316666613466623234336437363764373636653531356531323530616133663766323439616337
65643836623838313236636330343162353433656531646265343538303065376362643930346534
31386664313230656162663234663262316433353230623931306230643133333738303264313465
35323930363435613862396237613635343261666239623431343362306136363430623666383234
62666164343337646330386261363465326532303130316463303064393131616537396263393563
36313335353938336665353934396533643262386431363836336538636564666265363730363038
39636538663761626635353063653166333666663837646264346330636564376635646263383835
37646633343136383431663637386230376666666637613432613563616439663366383134373834
61383734626636653536646338613663666561653462626337303662656636386431356631326537
65393532396238373064616463643535363662303634376138306335636433336139666164313061
33386137346635303462306639613164636635663134386561646637623034633134663231363066
65323434393733386335613864306535353132666634383338336538633433376534356537303463
30643338333638373136393265343232306266663931383438306661336430663165383063393931
34303764386266623937663230343762623661666163616666666466343365643661363861393861
30386530666334366366336161663835323162313734666562623762626532663437663231336534
39656430366231363631626165333939346662353663396463623736316261303466303838373731
38643162396331306638323233623962363662333765346666663030666466373235623265633966
32653537613238343430656334343164663766383636343266643866356530623232643730643038
66633935613861343335656638666362623030623331666236396435633065643332313264383165
37653463393533323463363763656264393563643162653637613961386564636166303733353663
66626239386633326337346338313165663238323266366637373661333766653736366637323338
61336665666339356166323039656263363635333338643638303839316537323137386263383233
39343564343233303536376466306131646336316535646361393932626230653537303966356165
61666236656630316237383336393736623235313937653932353731363634376465653037313231
65383763333164663639616233366537616664333233633234653436353463613036356334353434
31626362313463636333306130386533346566323038316633363531323630363430393861386334
38373462663430663139313662643666313463363931376538353734366432646134663230336336
34633035306566376438396163363966616639393763323061356237303263613638323835613462
37666661373964303036333334356130366561366665656232613461656138663934353662633734
36323264666231383264363839613931306532616639636337386436376464336434313761626663
36333462646461613836653436333063396564306333326533383063356339386538303433363930
66666138333131613662313162353262366633393333613033663863343462623361386238383238
63646534623433386563623834326631666431666635343431353731383236343163626566353838
39626632333833336235306462313764626135393836346665376634363031343662346132383363
38326636626132666262313866633639373835343266303732326366613239623139383134326566
39303965373130396631323835386663353435313239333065333765343531376133323337386538
30353533376264366363613030383238333462353361653563393137653037366532663364373939
36656561633533323361623435313865633430303264326430613433323533323035386632336139
34636165313261616263376233303833383631306164626431353232353238323165356363653463
66396234353861396430333438316635346165356634343232653265343639333533616139326233
61376662636236396134623066366438636362396562363066396631643037363539633438396161
37306336376261343339623361633330346438613738633230346636323466316462653462666539
64646463626262646264383031386135323964633434643865653530353538353438303863313530
35633565623463313266653735353238396566666237623961363035613438393637643939353330
61626232336535383439373563363733663334623635623563313265393564653635316562386166
30373162333333313366333561333935646165333534306638656232666664616136333736363962
39656633613366363662616133333130343964333266346337306433666430653130633638663062
63373666383133653534373834356139653138323237623462386236356634313432393230363335
33323035393237363430613135653463376236316166643538336237303439303761383639326136
32663565633938313136386564323865393033376561356233316564303337393537383133633562
35363035613539653035366635663939646538643163666133393064373933333536376533303163
32333030303231353535626264333737383063383332666262643139373134393134333266343764
37393534343263616639313266623364633731303232316437303165663932363933663232363431
65396337613366613630313635346261373932633764353062363062613263383064323737306266
66323665626234313030303962323566653865386233643131343363346664363761346539623238
64626164623861346666386631353265333238623335613233663662383037333730643962636432
37366235653238343131376266333564643639653938323036363331613461643738373562333732
61636233343765323630313132386130633236393031306435613134613063383838303639613738
34376235336635386466353163393934613333626464653861393337303034373562643135393261
39613337373239626234366462366465623038303863323462386335636634666435356364643266
39386464656230613165326465633061393366303564623833646662356265613730623437656234
37313437363637336562323539623261616166343534633831643439326364346630623565303836
31663863323833623339343766323064306237376136396465323836336635333763393835356233
34346361323565313835333233636563306330623935643866353337643532613536353834663738
63313931366234653034666163333738653462613137613664666531613139666236343436633237
64636135356332366566306537306266386239396338316634386533636130376666363766316261
32353134323132386161383637353433383466373736313733333239396637383765643930653462
33613537363538313965323263303662646433383231613336303533313635636364313935306539
38316463383339636230323533343531333030323938376464626362363435316637396564313266
33616164616630613639363931373266346537636232663766366461343035646362306235316431
33313630376636383132353930353730333638653164396236643135626663333961626238346432
62343330656139323331653335363336396134353165313239383163356430373831363731343561
62326563666562343037616235373336363864306662626331646433666437383436663232346237
32326462303239356538393131313333313536623336666239353432383965646434663061366263
36626437323235396462613836616232373064346161633731336536383131386536643136396332
37626637393635396464346334643865653931386339383866376536633935316430333435626562
66336564383635313231386431663135323162666466323832663963653961623631383832646564
63623664653834386463316235336437316239313636663664336232396236373065623532353538
32326535663561303964306339303964303935356562376135323133383466613035653036303534
30623737323138663761343664316537646438343536386635323535633538373536616137666435
35343564643039356366653637393131386564323539333633343537383337303631643035656233
33323934633338356262623166613266393434383464393934376437386434363266353162323438
36363433646663366236313930616431383931643063636538373032623163323433396565396236
66393337383735343333333136656664616431633039666361613939626163626137316334316532
31643864393662383932333035326531333032663366333730393432326365646561323137363466
30316531636339613136636462386265366336343239363462346339383634626136363932613437
37343162663237343636626537646234666136336562633532383164656632653737643163666262
31333263386366626162613637663738333539643034383330653637343262386134653136393038
35663836333635343465393536653165646263376335363132643864636430346537373938666662
32303233663561303566656138653730646562343938346431666334353264643132363733333833
62303530623461366139303662623230396232623564333336323239623831663730313833393362
32616531363166626163393531616634393763633565366230666134353632386535636536386332
30306237626636353135353866356533393035343333663034383637383739666330633235363733
62623461636237386332623461333466393938663137353361666463396461353764623938373038
63623139303265356265646362636461366636383631356131663639363236363032343831613361
61376462363466656364633332666266643064313131613934323933393133336231393632646565
63356430303165626536373163663636653464393435326632666563313532653630336437653965
65343933336266666264643166646338653937653234376161633562323961303331353335613730
39643531656631626630333238336365396461613335343735623737653239373037626136353262
63626537623464306363643461383164616533393762646138353637366161613366386164356331
31666161343337383266656463633435633430343636623837623738396437633239626233343631
36346133326436336566383834663934613239376363376333633839356239396165383462633762
36303663383731386565643365336534373539323530346134306231626164663432613330643131
61336637313536316166336535616136303465393236303430353139363935383635373136643762
65376465326332366635613161333062336463316563646238383465636335313435383034656330
37366565633730303235306130363265393666656636376566633135303364373731633033303866
30653165386163663539646233333766333030306261316632663862383864633530653834353131
34366530323764643366653563663631373164376136363861376635396165333136343631633166
61346537636537663436646433373663656533336335353536396264343936663537313263343835
37383635663263643136333931386364383435306337653461306464313132663730633435383563
61373632333465323535663361353361316533396532336234613639623938343637333937663435
30373861376137336434343566353035383135316132643363633735306564373438623163346464
61393033343263393736386137336434343031386335636164653230643336663961646333306132
62656432346438333031343436343832666435386165653038303036356166623735626436393161
33303239376136623935363462373732363631303439316661313536343566356366393737306237
66386437333066656665393839373066366236616663656664303935383162656132313962616262
61393431623936396236333162636665386131393332353931396435646464366162336135303438
35616638386366333332343530393838623336626262323636616130316139633236613632383936
61633939343361393539343366653063333333393865333436346530323535636136306565613931
38383462326338386638636139376238643931393634376562376130656264623565396333373130
36363465663137663663346535383965326439653031313562313466643734373563333161366535
36656163383231373463396130326265386234396264356630306339626433633065353834316561
31303964336238356561666466633832343532346235643563326339303531366535343937633931
32613034313935386563383065663164376134353136616263333438336364623533636234373064
32333762333031616237333136623236366663613032393164646431376161306338363433663566
32616131616532363537303830646533663033626330336230643633643234626462363138306563
38383166396562623139333839343736653534643962646531346234346564313538613662613238
61613763653566323766643030666263646633376362373965616635666634386631666637373631
62333035633866333438396233323064333730366130353733376439303566303136623535633662
61346662393462316532356637656333346163373661613064303931613631303839383162316464
65633961616230623137313836386464663066383433666435376562636238653665666530366362
65623435613832393033626635396366623032366565383134386263346530643834353536643662
39353563396636343334363939366565613231303363373335353963346266643038663037323263
35393133376561613936303963666366643437326534393731656332396463303561373465636537
38363235636563396239323939323231636630386634306462326361643533356235646134376639
32333534393033666234393434366337643837623133303761323136653034353063396135656566
34323238343839303431646262653862303735336637383965626133613563366332343238633364
35386631613139653965363663653130643739656132373637303333366132393064633430353463
66343031373933643938343834663036653139363163356231303565663136663037633730386361
32313236373062623561643337666333353137613664616438636430643538663237326333623264
32343365336363323830616639336663356465356136343065326164646466326530383132313837
35336139383437323262626531333630366665633931623434333335636333666661313961303633
32343432306134393765396465616661366630343337376630366238663861626238643863306230
35336138373435333564303339646163653036363464393630643661353032656139313034323264
66653136336230353339646531376464333164373738396164303765393034333465326462306236
62643464633334663061656332346431633637396333393934336431383166323634623534333335
64656534303734363830396237393031323136633362353830656538316465653665653333396263
30383364323962333133306239616261643432303033386635623335323164336563636166636338
33346531623838343866663662666333616564366437616564663539333133336331316233633230
37383938636336353436633334363862613166613634633430323437316333306431343032306230
62306337316131613332303532396237333734363430343535393564353138353630626366313363
33646565343636633563326562646431383431663939643664303663303166623636663137353866
32363339366462626262333466346562643565353866303035393533323366346530623739346462
3831
